   weeks_work  employed  kidcount  morekids  ...  hisp  age_mother  hsgrad  colgrad
0          52         1         2         0  ...     0          32       1        0
1          32         1         4         1  ...     0          34       0        1
2          52         1         3         1  ...     0          31       0        1
3          12         1         3         1  ...     0          24       1        0
4           0         0         2         0  ...     0          30       1        0

[5 rows x 11 columns]

Descriptive Statistics:
--------------------------------------------------------------------------------
             mean     var    std   max   min   na  unique
weeks_work  20.19  486.03  22.05  52.0   0.0  0.0    53.0
employed     0.56    0.25   0.50   1.0   0.0  0.0     2.0
kidcount     2.49    0.61   0.78  11.0   2.0  0.0    10.0
morekids     0.36    0.23   0.48   1.0   0.0  0.0     2.0
multi2nd     0.01    0.01   0.09   1.0   0.0  0.0     2.0
samesex      0.50    0.25   0.50   1.0   0.0  0.0     2.0
black        0.12    0.10   0.32   1.0   0.0  0.0     2.0
hisp         0.03    0.03   0.17   1.0   0.0  0.0     2.0
age_mother  29.70   13.61   3.69  35.0  21.0  0.0    15.0
hsgrad       0.48    0.25   0.50   1.0   0.0  0.0     2.0
colgrad      0.31    0.21   0.46   1.0   0.0  0.0     2.0
--------------------------------------------------------------------------------

Means & Observations:
--------------------------------------------------------------------------------
         employed       
             mean  count
kidcount                
2          0.5933  64373
3          0.5160  25708
4          0.4590   7434
5          0.3907   1876
6          0.3202    431
7          0.2960    125
8          0.2143     42
9          0.3750      8
10         0.5000      2
11         0.0000      1
--------------------------------------------------------------------------------

Cross Table:
--------------------------------------------------------------------------------
multi2nd      0    1
morekids            
0         64373    0
1         34726  901
--------------------------------------------------------------------------------
OLS Estimation Results:
--------------------------------------------------------------------------------
            coef    se  t-value  p-value
intercept  -9.25  0.57   -16.34     0.00
morekids   -5.82  0.15   -39.51     0.00
black       8.13  0.21    38.02     0.00
hisp        0.82  0.41     2.00     0.05
age_mother  0.94  0.02    48.92     0.00
hsgrad      3.12  0.18    17.28     0.00
colgrad     3.40  0.20    16.97     0.00
--------------------------------------------------------------------------------



OLS Estimation Results:
--------------------------------------------------------------------------------
Dependent Variable: weeks_work
--------------------------------------------------------------------------------
            coef    se  t-value  p-value
intercept  -8.93  0.67   -13.42     0.00
black       8.00  0.26    31.20     0.00
hisp        0.72  0.42     1.69     0.09
age_mother  0.91  0.04    25.37     0.00
hsgrad      3.31  0.27    12.43     0.00
colgrad     3.67  0.35    10.46     0.00
0          -4.77  1.13    -4.23     0.00
--------------------------------------------------------------------------------



