,treat,age,ed,black,hisp,married,nodeg,re74,re75,re78
0,1,19,9,0,0,0,1,0.0,0.0,13188.830078125
1,1,21,12,1,0,0,0,0.0,0.0,9983.7841796875
2,1,25,12,1,0,0,0,14426.7900390625,2409.27392578125,0.0
3,0,21,7,1,0,0,1,33799.94921875,0.0,11011.5703125
4,0,22,10,0,0,0,1,27864.359375,10598.669921875,7094.919921875
5,0,24,10,1,0,0,1,0.0,0.0,7618.63916015625
6,0,19,6,0,1,0,1,0.0,0.0,5071.80078125
7,1,32,11,1,0,0,1,0.0,0.0,8472.158203125
8,0,27,11,1,0,0,1,0.0,0.0,11197.33984375
9,1,33,8,1,0,0,1,0.0,0.0,289.789886474609
10,1,23,12,0,1,0,0,9385.740234375,1117.43896484375,559.443176269531
11,0,19,11,1,0,0,1,0.0,0.0,0.0
12,0,29,8,1,0,0,1,0.0,0.0,0.0
13,1,23,12,1,0,0,0,0.0,0.0,4843.17578125
14,1,20,12,1,0,0,0,0.0,0.0,0.0
15,0,27,10,1,0,0,1,0.0,0.0,1184.88195800781
16,0,39,12,1,0,1,0,19785.3203125,6608.13720703125,499.257202148438
17,0,20,12,1,0,0,0,7182.4921875,6004.72802734375,4779.72021484375
18,0,29,12,1,0,0,0,22859.439453125,2080.208984375,16969.94921875
19,1,23,10,1,0,1,1,0.0,936.438598632813,11233.259765625
20,1,42,14,1,0,1,0,0.0,0.0,13167.51953125
21,1,22,11,1,0,0,1,0.0,0.0,6456.69677734375
22,0,17,9,0,1,0,1,0.0,0.0,5114.81396484375
23,0,26,10,1,0,0,1,0.0,0.0,2169.02709960938
24,1,27,12,1,0,1,0,3670.8720703125,334.049285888672,0.0
25,1,19,10,1,0,0,1,0.0,385.274108886719,8124.71484375
26,0,25,12,1,0,1,0,0.0,0.0,0.0
27,1,22,10,1,0,1,1,1468.34802246094,5588.6640625,13228.2802734375
28,0,20,8,1,0,0,1,0.0,0.0,0.0
29,1,29,14,1,0,0,0,0.0,679.673400878906,17814.98046875
30,0,24,11,1,0,0,1,0.0,0.0,14626.3896484375
31,0,25,10,1,0,1,1,0.0,0.0,0.0
32,1,22,12,0,0,0,0,6759.994140625,8455.50390625,12590.7099609375
33,1,35,8,1,0,1,1,13732.0703125,17976.150390625,3786.6279296875
34,0,18,9,1,0,0,1,0.0,0.0,10877.349609375
35,1,18,8,0,1,1,1,0.0,0.0,2787.9599609375
36,0,34,11,1,0,0,1,0.0,0.0,2920.19897460938
37,0,18,10,1,0,0,1,0.0,273.552490234375,5514.365234375
38,1,46,8,1,0,0,1,3165.65795898438,2594.72290039063,0.0
39,0,28,11,1,0,1,1,8593.1630859375,5393.89501953125,4974.5859375
40,0,21,10,1,0,0,1,6661.06298828125,1162.36206054688,39483.53125
41,1,29,11,1,0,1,1,0.0,0.0,9642.9990234375
42,0,29,13,1,0,0,0,718.2492065429691,2265.5791015625,2725.32202148438
43,1,27,13,1,0,0,0,0.0,0.0,34099.28125
44,0,22,10,1,0,0,1,0.0,0.0,0.0
45,0,27,10,1,0,0,1,0.0,0.0,1135.46997070313
46,0,24,7,1,0,0,1,0.0,0.0,2193.52807617188
47,0,44,9,1,0,0,1,0.0,0.0,9722.0029296875
48,0,33,5,0,1,0,1,0.0,0.0,0.0
49,1,33,12,0,0,1,0,0.0,0.0,12418.0703125
50,1,29,10,0,1,0,1,0.0,8853.673828125,5112.01416015625
51,0,18,9,1,0,0,1,0.0,0.0,12486.169921875
52,0,28,11,1,0,1,1,824.388916015625,10033.91015625,0.0
53,1,19,11,1,0,0,1,0.0,0.0,7458.10498046875
54,1,27,12,1,0,0,0,2143.4130859375,357.949890136719,22163.25
55,0,28,11,1,0,0,1,2431.94897460938,863.4794921875,0.0
56,0,17,8,1,0,0,1,0.0,0.0,8993.865234375
57,1,33,12,1,0,1,0,20279.94921875,10941.349609375,15952.599609375
58,0,20,11,1,0,0,1,8009.1640625,7666.875,7659.2177734375
59,0,24,10,1,0,0,1,0.0,0.0,0.0
60,0,19,10,0,1,0,1,0.0,0.0,0.0
61,0,23,10,1,0,1,1,0.0,0.0,0.0
62,1,24,9,1,0,0,1,9154.7001953125,2288.67504882813,4849.55908203125
63,1,27,10,1,0,0,1,1001.14599609375,3550.07495117188,0.0
64,0,25,11,1,0,0,1,0.0,0.0,0.0
65,0,19,11,1,0,0,1,1626.623046875,0.0,0.0
66,0,24,7,1,0,0,1,0.0,0.0,1455.68994140625
67,0,26,10,1,0,1,1,6140.3671875,558.773376464844,0.0
68,0,18,10,1,0,0,1,0.0,0.0,11048.080078125
69,1,23,8,0,0,1,1,0.0,1713.15002441406,4232.30908203125
70,0,25,10,1,0,0,1,0.0,0.0,7367.0400390625
71,0,32,11,1,0,0,1,0.0,0.0,11120.5302734375
72,1,22,11,0,0,0,1,0.0,0.0,1048.43200683594
73,0,30,8,1,0,0,1,0.0,1706.6569824218802,0.0
74,0,19,9,1,0,0,1,8409.626953125,1778.08898925781,7171.0
75,1,28,10,1,0,0,1,0.0,2836.50610351563,3196.57104492188
76,0,26,12,1,0,1,0,0.0,0.0,6191.94287109375
77,0,21,11,1,0,0,1,0.0,0.0,1553.291015625
78,0,20,9,1,0,0,1,0.0,0.0,5193.0888671875
79,0,23,12,0,1,0,0,5721.69580078125,8960.68359375,7078.17822265625
80,1,26,10,1,0,0,1,0.0,0.0,9265.7880859375
81,1,23,12,1,0,0,0,6269.3408203125,3039.9599609375,8484.2392578125
82,0,24,11,0,0,0,1,2669.72509765625,1468.3830566406302,10361.6904296875
83,0,23,10,1,0,0,1,0.0,0.0,0.0
84,1,31,9,1,0,0,1,0.0,1698.60705566406,10363.26953125
85,0,24,11,1,0,0,1,0.0,0.0,0.0
86,0,20,12,1,0,0,0,557.698791503906,1371.47302246094,20893.109375
87,0,25,12,1,0,0,0,0.0,0.0,3418.09692382813
88,0,20,9,1,0,0,1,0.0,0.0,2035.91394042969
89,0,31,10,1,0,1,1,0.0,0.0,0.0
90,0,22,12,1,0,0,0,4380.01708984375,2003.68005371094,439.688110351563
91,1,17,10,1,0,0,1,0.0,0.0,0.0
92,1,46,13,1,0,0,0,0.0,0.0,647.20458984375
93,0,17,11,0,0,0,1,0.0,0.0,0.0
94,0,24,8,0,0,0,1,0.0,0.0,10569.26953125
95,1,30,11,1,0,1,1,0.0,0.0,590.781799316406
96,0,25,11,1,0,1,1,0.0,0.0,44.7554588317871
97,0,25,9,0,1,0,1,0.0,0.0,15791.1298828125
98,0,45,9,1,0,0,1,0.0,0.0,4844.80322265625
99,0,34,12,1,0,0,0,0.0,0.0,2113.72192382813
100,1,35,9,1,0,1,1,13602.4296875,13830.6396484375,12803.9697265625
101,1,38,9,0,0,0,1,0.0,0.0,6408.9501953125
102,0,24,10,1,0,0,1,0.0,0.0,0.0
103,0,26,11,1,0,0,1,4699.962890625,1174.99096679688,6672.02099609375
104,0,20,7,0,1,0,1,0.0,0.0,4374.0400390625
105,1,21,12,1,0,0,0,0.0,0.0,1254.58203125
106,0,36,10,1,0,0,1,0.0,0.0,0.0
107,0,44,9,1,0,1,1,12260.7802734375,10857.240234375,12359.3095703125
108,1,21,8,1,0,0,1,989.267822265625,3695.89697265625,4279.61279296875
109,1,19,10,0,0,0,1,0.0,5324.10888671875,13829.6201171875
110,1,25,11,1,0,1,1,0.0,0.0,1574.42395019531
111,0,25,11,0,1,1,1,0.0,0.0,4485.6162109375
112,1,25,11,0,0,0,1,0.0,0.0,18783.349609375
113,0,42,10,1,0,0,1,0.0,0.0,6930.3359375
114,0,21,8,1,0,0,1,39570.6796875,6608.30419921875,3083.5810546875
115,0,18,8,0,1,0,1,0.0,0.0,10798.5595703125
116,0,32,12,0,1,1,0,0.0,0.0,6735.31982421875
117,1,25,14,1,0,1,0,35040.0703125,11536.5703125,36646.94921875
118,0,31,12,0,0,0,0,0.0,494.643005371094,0.0
119,0,29,12,1,0,0,0,0.0,0.0,1890.93701171875
120,1,27,10,1,0,1,1,0.0,0.0,18739.9296875
121,0,17,10,1,0,0,1,0.0,0.0,1143.38696289063
122,1,30,11,1,0,0,1,0.0,0.0,0.0
123,0,29,11,1,0,1,1,0.0,0.0,10225.8798828125
124,0,22,9,1,0,0,1,0.0,506.407592773438,604.19873046875
125,0,28,12,1,0,1,0,10585.1298828125,5551.4560546875,12780.01953125
126,0,19,11,1,0,0,1,0.0,0.0,0.0
127,1,24,10,1,0,0,1,0.0,0.0,0.0
128,1,22,9,0,1,0,1,0.0,0.0,3595.89404296875
129,0,26,10,1,0,0,1,0.0,0.0,3931.23803710938
130,0,19,12,1,0,0,0,0.0,0.0,0.0
131,1,27,10,0,1,0,1,0.0,0.0,11142.8701171875
132,0,43,10,1,0,0,1,2502.86791992188,4128.44287109375,7565.27294921875
133,0,29,9,0,1,0,1,9594.3076171875,16341.16015625,16900.30078125
134,0,18,9,1,0,0,1,0.0,0.0,10740.080078125
135,0,25,10,1,0,0,1,0.0,0.0,0.0
136,0,25,10,1,0,0,1,0.0,0.0,289.789886474609
137,0,33,9,0,1,1,1,0.0,0.0,0.0
138,0,26,12,1,0,0,0,0.0,0.0,0.0
139,1,25,12,1,0,0,0,0.0,0.0,11965.8095703125
140,1,21,9,1,0,0,1,6416.47021484375,5749.3310546875,743.666625976563
141,0,31,12,1,0,0,0,0.0,0.0,7284.39404296875
142,0,25,9,1,0,1,1,24731.619140625,16946.630859375,7343.9638671875
143,1,24,10,1,0,0,1,0.0,0.0,0.0
144,1,18,11,0,0,0,1,3678.23095703125,919.5579223632808,4321.705078125
145,1,25,11,1,0,0,1,0.0,0.0,485.229797363281
146,0,28,12,1,0,1,0,0.0,0.0,0.0
147,0,19,11,0,0,0,1,0.0,0.0,0.0
148,1,17,10,1,0,0,1,0.0,0.0,0.0
149,0,33,11,1,0,0,1,0.0,0.0,0.0
150,1,20,11,1,0,0,1,16318.6201171875,1484.99401855469,6943.341796875
151,0,32,10,1,0,0,1,0.0,0.0,0.0
152,0,31,11,1,0,0,1,17711.880859375,1726.44494628906,0.0
153,0,22,11,1,0,0,1,7914.130859375,1321.66003417969,2639.2900390625
154,0,23,10,1,0,0,1,0.0,0.0,0.0
155,1,20,9,0,1,0,1,12260.7802734375,5875.048828125,1358.64294433594
156,0,54,11,1,0,0,1,0.0,0.0,7812.52197265625
157,1,25,12,1,0,0,0,0.0,0.0,0.0
158,0,26,12,0,0,0,0,0.0,0.0,12383.6796875
159,1,23,8,0,1,0,1,0.0,0.0,3881.28393554688
160,1,45,5,1,0,1,1,0.0,0.0,8546.71484375
161,0,28,12,0,0,0,0,0.0,803.343017578125,16477.01953125
162,0,22,10,0,0,1,1,25720.919921875,23031.98046875,5448.80078125
163,0,23,11,1,0,0,1,7617.36181640625,5716.4072265625,10274.83984375
164,0,31,10,1,0,0,1,0.0,0.0,0.0
165,0,18,10,1,0,0,1,960.426818847656,240.106704711914,2891.66796875
166,0,24,4,0,1,0,1,0.0,0.0,3880.8330078125
167,1,21,9,1,0,0,1,0.0,0.0,0.0
168,1,25,12,0,0,0,0,0.0,0.0,5587.5029296875
169,1,25,11,1,0,0,1,0.0,0.0,9897.048828125
170,0,31,10,1,0,0,1,0.0,0.0,17014.58984375
171,0,18,12,1,0,0,0,0.0,1405.5119628906302,0.0
172,0,23,11,1,0,0,1,6382.30908203125,580.790100097656,0.0
173,0,20,8,1,0,0,1,0.0,0.0,3644.65502929688
174,1,20,12,1,0,0,0,0.0,377.568603515625,1652.6369628906302
175,1,17,8,1,0,0,1,0.0,0.0,8061.48486328125
176,1,28,11,1,0,0,1,0.0,1284.07897949219,60307.9296875
177,0,18,9,1,0,0,1,0.0,0.0,0.0
178,0,17,10,0,1,0,1,1203.60900878906,1239.62805175781,5088.98583984375
179,0,22,9,1,0,0,1,0.0,0.0,12898.3798828125
180,0,34,10,1,0,0,1,0.0,0.0,7952.5400390625
181,0,24,11,1,0,0,1,0.0,1327.99304199219,9495.90234375
182,1,24,10,1,0,1,1,11703.2001953125,4078.15209960938,0.0
183,0,19,10,1,0,0,1,0.0,0.0,4309.8779296875
184,0,28,9,1,0,0,1,0.0,0.0,0.0
185,1,19,8,1,0,0,1,0.0,2657.05688476563,9970.6806640625
186,1,41,4,1,0,1,1,0.0,0.0,7284.98583984375
187,0,23,11,1,0,0,1,0.0,0.0,0.0
188,1,26,11,1,0,1,1,0.0,2754.64599609375,26372.279296875
189,0,21,11,0,1,0,1,2992.53393554688,8920.470703125,20857.83984375
190,0,25,9,1,0,1,1,0.0,0.0,4715.37109375
191,0,21,9,0,0,0,1,2988.412109375,1577.1669921875,1740.1989746093802
192,1,29,12,1,0,0,0,9748.38671875,4878.93701171875,10976.509765625
193,0,45,11,1,0,0,1,0.0,0.0,11796.4697265625
194,1,29,13,1,0,0,0,0.0,0.0,7479.65576171875
195,1,18,6,1,0,0,1,0.0,0.0,0.0
196,1,28,9,1,0,0,1,0.0,0.0,10694.2900390625
197,1,23,12,1,0,0,0,0.0,0.0,0.0
198,1,23,7,0,0,0,1,0.0,0.0,0.0
199,1,17,9,0,1,0,1,445.17041015625,74.3434524536133,6210.669921875
200,1,23,10,1,0,0,1,0.0,0.0,7693.39990234375
201,1,31,9,1,0,0,1,10717.0302734375,5517.8408203125,9558.5009765625
202,1,21,12,0,0,0,0,3670.8720703125,334.049407958984,12558.01953125
203,0,23,8,1,0,0,1,0.0,0.0,3746.70092773438
204,1,19,8,1,0,0,1,2636.35302734375,2937.26391601563,7535.94189453125
205,0,19,9,1,0,1,1,0.0,0.0,16658.25
206,1,20,10,1,0,0,1,5005.73095703125,2777.35498046875,5615.18896484375
207,1,23,11,1,0,0,1,0.0,0.0,0.0
208,0,33,12,1,0,0,0,0.0,0.0,5970.2568359375
209,0,27,11,1,0,1,1,0.0,4491.8837890625,0.0
210,1,17,9,1,0,0,1,0.0,0.0,0.0
211,1,28,15,1,0,0,0,0.0,0.0,9598.541015625
212,1,26,12,1,0,1,0,8408.76171875,5794.8310546875,1424.94396972656
213,0,19,9,1,0,0,1,0.0,0.0,5712.64306640625
214,1,19,9,1,0,0,1,0.0,798.9078979492191,17685.1796875
215,0,25,10,1,0,1,1,0.0,0.0,3701.81201171875
216,1,27,11,1,0,0,1,0.0,0.0,7506.14599609375
217,1,18,9,1,0,0,1,0.0,3287.375,5010.341796875
218,0,28,10,1,0,1,1,8293.3447265625,6449.47998046875,16988.1796875
219,0,23,11,1,0,0,1,0.0,0.0,5088.759765625
220,1,30,12,1,0,0,0,0.0,0.0,24909.44921875
221,1,18,11,1,0,0,1,0.0,0.0,4814.626953125
222,0,25,10,1,0,1,1,0.0,0.0,0.0
223,0,36,12,1,0,0,0,0.0,142.39729309082,0.0
224,0,23,10,1,0,0,1,0.0,0.0,0.0
225,1,25,13,1,0,0,0,12362.9296875,3090.73193359375,0.0
226,1,18,11,1,0,0,1,858.254272460938,214.56359863281295,929.883911132813
227,1,25,8,1,0,0,1,0.0,0.0,0.0
228,0,24,12,1,0,0,0,0.0,159.884704589844,0.0
229,0,18,9,1,0,0,1,0.0,0.0,0.0
230,1,27,9,1,0,0,1,0.0,0.0,0.0
231,0,34,13,1,0,1,0,0.0,0.0,5193.2470703125
232,0,22,11,1,0,0,1,0.0,0.0,0.0
233,0,18,11,1,0,0,1,0.0,0.0,11303.1396484375
234,0,22,10,1,0,0,1,0.0,0.0,0.0
235,0,28,11,1,0,0,1,17491.44921875,13371.25,0.0
236,1,21,12,0,0,0,0,0.0,0.0,8048.60302734375
237,0,17,10,0,1,0,1,0.0,0.0,8469.275390625
238,1,37,9,1,0,0,1,0.0,0.0,1067.50598144531
239,0,20,10,1,0,0,1,0.0,0.0,2015.50305175781
240,0,28,13,1,0,0,0,0.0,0.0,0.0
241,1,27,13,0,0,1,0,9381.56640625,853.7224731445309,0.0
242,1,19,9,1,0,0,1,0.0,0.0,8173.908203125
243,0,20,11,0,1,0,1,0.0,0.0,6378.72021484375
244,0,23,11,1,0,0,1,0.0,1896.02294921875,5573.546875
245,0,27,8,1,0,0,1,0.0,0.0,3783.65991210938
246,0,24,9,1,0,0,1,2788.498046875,0.0,16461.5703125
247,1,38,12,0,0,0,0,0.0,0.0,4941.84912109375
248,0,22,12,1,0,0,0,0.0,0.0,0.0
249,0,22,8,0,1,0,1,0.0,0.0,9920.9453125
250,0,17,10,1,0,0,1,0.0,0.0,0.0
251,0,25,10,1,0,0,1,0.0,0.0,20942.240234375
252,1,22,12,0,1,1,0,492.230499267578,7055.7021484375,10092.830078125
253,1,25,12,1,0,0,0,0.0,0.0,3191.7529296875
254,0,19,11,1,0,0,1,0.0,0.0,0.0
255,0,18,10,1,0,0,1,0.0,0.0,781.2243041992191
256,1,25,5,1,0,0,1,0.0,0.0,6181.8798828125
257,0,19,12,1,0,0,0,8417.0,2814.19506835938,1720.9069824218802
258,1,46,8,1,0,1,1,0.0,0.0,3094.15600585938
259,1,43,9,1,0,0,1,0.0,0.0,0.0
260,1,19,11,1,0,0,1,2305.02587890625,2615.27587890625,4146.60302734375
261,1,31,11,1,0,1,1,0.0,0.0,8087.48681640625
262,0,23,10,1,0,0,1,0.0,0.0,0.0
263,1,17,8,1,0,0,1,0.0,0.0,0.0
264,0,55,3,1,0,0,1,0.0,0.0,5843.7958984375
265,1,22,16,1,0,0,0,0.0,0.0,2164.02197265625
266,1,27,9,1,0,1,1,0.0,934.445373535156,1773.42297363281
267,1,42,14,1,0,0,0,0.0,0.0,20505.9296875
268,0,17,9,1,0,0,1,0.0,0.0,3590.70190429688
269,0,19,10,0,0,0,1,0.0,0.0,3194.01000976563
270,0,17,11,1,0,0,1,0.0,0.0,8551.533203125
271,0,30,14,1,0,1,0,0.0,0.0,7344.67822265625
272,1,44,11,1,0,0,1,0.0,0.0,0.0
273,0,27,12,0,0,0,0,0.0,0.0,14792.900390625
274,0,19,11,1,0,0,1,721.340576171875,2445.58911132813,9772.283203125
275,0,25,11,1,0,0,1,15209.990234375,3072.72607421875,284.65838623046903
276,0,39,12,1,0,1,0,0.0,0.0,3795.79907226563
277,0,23,8,1,0,0,1,7724.283203125,3403.05590820313,0.0
278,0,27,7,1,0,1,1,0.0,0.0,0.0
279,0,17,10,1,0,0,1,0.0,664.5689697265631,0.0
280,1,38,11,1,0,0,1,0.0,0.0,0.0
281,0,27,11,1,0,0,1,3065.19409179688,766.298583984375,0.0
282,0,18,9,1,0,0,1,0.0,0.0,9227.0517578125
283,1,40,11,1,0,0,1,0.0,0.0,23005.599609375
284,0,18,10,1,0,0,1,0.0,0.0,202.284698486328
285,0,18,10,1,0,0,1,1716.5090332031302,2682.125,0.0
286,0,44,11,1,0,0,1,0.0,0.0,0.0
287,0,30,12,1,0,0,0,0.0,0.0,13613.349609375
288,0,24,12,1,0,0,0,0.0,0.0,0.0
289,1,48,4,1,0,0,1,0.0,0.0,6551.591796875
290,0,22,8,1,0,0,1,0.0,0.0,1390.5090332031302
291,0,25,8,1,0,0,1,0.0,0.0,3515.92895507813
292,1,22,9,1,0,0,1,0.0,0.0,4056.49389648438
293,0,23,11,1,0,0,1,0.0,0.0,4350.9072265625
294,0,17,11,1,0,0,1,989.267822265625,165.207702636719,4251.126953125
295,1,27,13,1,0,0,0,0.0,0.0,14581.8603515625
296,1,37,11,1,0,1,1,0.0,0.0,9930.0458984375
297,0,19,9,0,1,0,1,0.0,0.0,3811.68310546875
298,0,34,10,1,0,1,1,0.0,0.0,0.0
299,1,25,11,1,0,0,1,0.0,0.0,0.0
300,1,17,10,1,0,0,1,1291.46801757813,5793.85205078125,5522.7880859375
301,0,17,8,0,0,0,1,0.0,0.0,10210.990234375
302,1,24,11,1,0,0,1,0.0,0.0,995.7001953125
303,0,32,8,1,0,0,1,0.0,0.0,7152.1318359375
304,1,31,9,0,1,0,1,0.0,0.0,26817.599609375
305,0,39,11,1,0,0,1,0.0,83.68963623046879,0.0
306,0,28,10,1,0,0,1,1471.29296875,367.823394775391,4858.89501953125
307,0,30,11,1,0,1,1,0.0,9311.9384765625,3982.80102539063
308,1,24,10,1,0,0,1,4250.40185546875,2421.94702148438,1660.5080566406302
309,0,18,11,1,0,0,1,1064.69897460938,645.272277832031,5497.5908203125
310,1,17,7,1,0,0,1,0.0,0.0,3023.87890625
311,1,27,8,1,0,0,1,0.0,0.0,0.0
312,1,27,11,1,0,0,1,0.0,0.0,0.0
313,0,18,9,1,0,0,1,0.0,0.0,0.0
314,1,17,9,1,0,0,1,0.0,0.0,1953.26794433594
315,0,25,11,1,0,0,1,0.0,0.0,1264.23205566406
316,0,20,12,1,0,0,0,0.0,591.815124511719,4159.9189453125
317,1,20,11,1,0,0,1,3637.498046875,1220.83605957031,1085.43994140625
318,1,27,13,1,0,0,0,0.0,0.0,0.0
319,1,24,11,1,0,1,1,824.3886108398441,1666.1130371093802,4032.7080078125
320,1,17,10,1,0,0,1,0.0,0.0,0.0
321,1,25,10,1,0,0,1,0.0,0.0,0.0
322,0,29,9,1,0,0,1,0.0,1203.82397460938,9378.6533203125
323,0,31,10,1,0,0,1,0.0,520.4462890625,14527.8798828125
324,1,26,11,1,0,0,1,0.0,0.0,17230.9609375
325,1,33,11,1,0,1,1,14660.7099609375,25142.240234375,4181.94189453125
326,0,36,10,1,0,0,1,0.0,0.0,14690.349609375
327,1,20,11,1,0,0,1,0.0,0.0,3972.5400390625
328,0,21,14,1,0,0,0,0.0,0.0,5775.06201171875
329,1,25,11,1,0,1,1,0.0,0.0,0.0
330,1,20,9,1,0,0,1,6083.994140625,0.0,8881.6650390625
331,0,19,11,1,0,0,1,6337.4921875,4503.06396484375,0.0
332,0,19,10,1,0,0,1,0.0,0.0,5286.39599609375
333,0,39,9,1,0,0,1,0.0,0.0,0.0
334,0,17,10,1,0,0,1,0.0,0.0,2657.705078125
335,1,17,9,1,0,0,1,1716.5090332031302,1253.43896484375,5445.2001953125
336,0,22,9,1,0,0,1,0.0,0.0,0.0
337,1,28,8,1,0,0,1,0.0,0.0,0.0
338,0,21,9,1,0,0,1,31886.4296875,12357.2197265625,0.0
339,1,26,12,1,0,0,0,0.0,0.0,10747.349609375
340,0,18,10,1,0,0,1,1563.2490234375,0.0,9602.439453125
341,1,29,10,1,0,0,1,0.0,4398.9501953125,0.0
342,0,35,10,1,0,0,1,0.0,0.0,445.830902099609
343,0,18,8,1,0,0,1,0.0,0.0,1568.15002441406
344,0,20,6,1,0,0,1,6006.87890625,2850.61010742188,0.0
345,0,25,10,1,0,1,1,13519.9697265625,9319.4443359375,0.0
346,0,17,11,1,0,0,1,4080.72998046875,3796.02905273438,0.0
347,0,25,11,1,0,0,1,5281.2451171875,0.0,0.0
348,0,28,9,1,0,1,1,10222.41015625,9210.447265625,1239.84399414063
349,0,22,10,1,0,0,1,0.0,2174.955078125,5344.02099609375
350,1,29,12,1,0,0,0,10881.9404296875,1817.28405761719,0.0
351,0,26,11,1,0,0,1,0.0,0.0,7176.18701171875
352,0,19,11,1,0,0,1,3504.01391601563,3285.67993164063,11195.9296875
353,0,38,10,1,0,0,1,0.0,0.0,12429.91015625
354,0,22,11,1,0,1,1,0.0,0.0,1698.3039550781302
355,1,23,12,1,0,0,0,5506.30810546875,501.074096679688,671.331787109375
356,0,36,11,0,1,0,1,5443.73388671875,3063.8779296875,1324.5419921875
357,1,26,11,1,0,1,1,0.0,1392.85302734375,1460.35998535156
358,1,22,9,1,0,0,1,2192.876953125,3836.98608398438,3462.56396484375
359,0,18,9,0,0,0,1,0.0,559.596008300781,7300.498046875
360,0,21,9,1,0,0,1,591.499084472656,0.0,3343.22412109375
361,1,35,10,1,0,0,1,0.0,0.0,4666.23583984375
362,1,26,10,1,0,1,1,2027.9990234375,0.0,0.0
363,0,20,12,1,0,0,0,0.0,0.0,0.0
364,0,20,10,1,0,0,1,0.0,0.0,8598.5224609375
365,1,42,9,1,0,1,1,0.0,3058.53100585938,1294.40905761719
366,0,20,9,0,1,0,1,0.0,0.0,8329.8232421875
367,0,27,13,0,0,0,0,5214.30615234375,474.501800537109,4812.576171875
368,1,18,10,1,0,0,1,2143.41088867188,1784.27404785156,11141.3896484375
369,1,17,10,1,0,0,1,0.0,0.0,16218.0400390625
370,1,28,11,1,0,0,1,1929.02905273438,6871.85595703125,0.0
371,1,24,11,1,0,0,1,0.0,0.0,1991.40002441406
372,1,21,12,1,0,0,0,6473.68310546875,3332.40893554688,9371.037109375
373,1,31,4,1,0,0,1,8517.5888671875,4023.2109375,7382.548828125
374,0,38,8,1,0,0,1,0.0,0.0,0.0
375,0,19,10,1,0,1,1,0.0,0.0,12797.669921875
376,0,18,10,0,1,0,1,0.0,0.0,6527.9189453125
377,0,26,5,1,0,0,1,0.0,0.0,0.0
378,1,29,4,1,0,0,1,0.0,0.0,762.9146118164059
379,0,31,12,1,0,0,0,0.0,5613.9091796875,0.0
380,0,17,8,1,0,0,1,0.0,0.0,7010.44384765625
381,0,28,11,0,1,1,1,3472.94799804688,0.0,6771.6220703125
382,0,29,9,1,0,0,1,9268.943359375,9160.693359375,0.0
383,1,26,10,1,0,0,1,25929.6796875,6788.9580078125,672.8773193359381
384,1,18,10,1,0,0,1,0.0,798.9078979492191,9737.154296875
385,0,18,11,1,0,0,1,0.0,0.0,4657.27294921875
386,0,26,11,1,0,1,1,0.0,4184.73193359375,0.0
387,1,17,8,1,0,0,1,0.0,0.0,0.0
388,0,25,11,1,0,0,1,0.0,0.0,4196.375
389,1,29,8,1,0,0,1,0.0,0.0,1923.93798828125
390,1,41,14,0,0,0,0,0.0,0.0,5149.5009765625
391,1,23,12,1,0,1,0,0.0,0.0,5911.55078125
392,0,27,13,1,0,0,0,0.0,0.0,7609.51806640625
393,1,27,11,1,0,0,1,0.0,0.0,549.298400878906
394,0,17,9,1,0,0,1,0.0,2595.26708984375,0.0
395,0,34,11,1,0,1,1,0.0,0.0,6040.3349609375
396,1,25,12,1,0,0,0,0.0,0.0,2348.97290039063
397,0,26,6,1,0,0,1,0.0,0.0,4813.0498046875
398,1,18,11,1,0,0,1,0.0,0.0,0.0
399,0,17,10,1,0,0,1,0.0,0.0,2189.42602539063
