      Y     X
0  4.30  0.86
1  0.02 -0.70
2 -1.06 -0.50
3  0.44 -0.89
4  6.84  1.60

Descriptive Statistics:
--------------------------------------------------------------------------------
   mean   var   std    max   min   na  unique
Y  1.97  8.76  2.96  14.54 -2.51  0.0  1800.0
X  0.01  0.97  0.98   3.17 -3.17  0.0  1800.0
--------------------------------------------------------------------------------

Predictive Regression Tree: Root Node Only
--------------------------------------------------------------------------------
Predicted Y: 1.93
SSE: 3514.19
MSE: 9.76
--------------------------------------------------------------------------------


SSE Optimizing Regression Tree
--------------------------------------------------------------------------------
Best splitting value of covariate X: 0.5
Row Index of X: 262
SSE: 6065.4539
MSE: 16.8485
--------------------------------------------------------------------------------
6
1  0.02 -0.70
2 -1.06 -0.50
3  0.44 -0.89
4  6.84  1.60

Descriptive Statistics:
--------------------------------------------------------------------------------
   mean   var   std    max   min   na  unique
Y  1.97  8.76  2.96  14.54 -2.51  0.0  1800.0
X  0.01  0.97  0.98   3.17 -3.17  0.0  1800.0
--------------------------------------------------------------------------------

Predictive Regression Tree: Root Node Only
--------------------------------------------------------------------------------
Predicted Y: 1.93
SSE: 3514.19
MSE: 9.76
--------------------------------------------------------------------------------


[-0.14839457 -0.03432413 -0.03432413 -0.08104931  6.29388738  5.38843008
  8.86166658 -0.03432413  4.75771693 -0.14839457  1.88475873  0.60162153
 -0.14839457 -0.03432413  6.25297495  4.75771693  0.51723306  1.11208485
  0.51723306  0.51723306  6.75395759  4.32572918  0.09260714  6.3727664
  4.94591389 -1.03070568  0.77058497 -0.14839457 11.00864755  0.09260714
 -0.03432413  4.40084791 -0.03432413  6.29388738 -0.14786165  0.12935584
  0.12935584  0.51723306  8.73772408  0.12935584  4.40084791 -0.03432413
 -0.03432413 -0.25675405 -0.14839457  0.59405153 -1.03070568 -0.14839457
 12.04388213  0.66962021  5.57932699  0.77058497  0.60162153  5.63379163
  4.75771693 -0.14839457 -0.14839457 -0.14839457  1.50974373 -0.14839457
 -0.08104931  9.56307357  5.57932699 -0.03432413 -1.32311584  0.77058497
  4.84471527  6.75395759  0.12240408 -0.14839457  0.43145443  0.12935584
 -0.03432413  0.77058497  7.38718095  8.91337082  6.29388738 -0.03432413
 -0.14839457  5.50281122  4.3948594  -0.14839457  4.94591389  0.4559321
 11.00864755 -0.03432413  0.8066319  -0.03432413 -0.14839457  4.3948594
  4.61504398 -0.03432413  0.37534257 -0.03432413 -0.14839457  5.61823755
  5.19296202  5.47475614 -0.21382559  1.88475873 -0.03432413  0.51723306
  1.63687607 -0.03432413  5.57932699  0.59405153 -1.31120937  5.47475614
  2.25901382  4.75771693  8.73772408  6.4936787  -0.08104931  0.46774955
 -0.14839457 -0.14839457  4.3948594   4.75771693 -0.03432413 -1.76884404
 -0.03432413 -0.14839457  5.50281122  6.37898375  7.96787238  6.76138822
  5.901838    6.29388738  0.12935584  0.77058497  0.51723306 -0.03432413
 -0.14839457  3.89433499 -0.49039164 -0.03432413  0.20286432 -0.14839457
  8.99581038 -0.14839457  4.3948594  -0.14839457  0.09260714  4.61504398
  7.4305556   4.94591389 -0.03432413  6.37898375 -0.14839457  5.51535044
 -0.25675405 -0.14839457 -0.08104931 -0.07012955  6.76138822 -0.03432413
 -0.14839457  6.29388738 -0.14839457 12.75882765 -0.03432413 -0.14839457
  7.93703313  0.07156904  0.60162153 -0.03432413 -0.08104931  0.51723306
  9.35078909  1.0806887  -0.03432413  1.0806887   0.12935584 -0.14839457
 -0.46183417  0.12935584 -0.03432413 -0.03432413  0.77058497  1.62426719
 -0.14839457  0.19509246 -0.08104931 -0.03432413  4.94591389 -0.08104931
 -0.14839457  0.10884298 -0.14839457  7.5997459  -0.14839457 -0.08104931
  1.35739824  4.94591389  4.3948594   0.12935584  0.12935584 -0.14839457
  4.94591389 -0.03432413  0.43145443 -0.08104931  7.4305556  -0.03432413
  0.51723306 -0.14839457  4.94591389 -0.03432413 -0.14839457 -0.14839457
  5.57932699  4.93668158  0.26333823 -0.14839457  0.43145443  0.12935584
  7.51677216 -0.03432413 -0.39852892  0.12935584 -0.46183417  1.03579486
 -0.14839457 -0.14839457  0.67217945 -0.08104931  0.12935584  9.10733159
 -0.14839457 -0.03432413  4.75771693  6.29388738  0.12935584  9.56307357
  0.77058497  0.12935584 -0.36430009  0.90092516 -0.03432413  0.1790262
  6.14600386  5.901838   -0.03432413  0.8066319  -0.14839457  0.65978459
 -0.03432413 -0.14839457 -0.14839457 -0.03432413  5.63379163 -0.14839457
 -0.21031357  4.38960625 -1.58342671  0.51723306 -0.14839457 -0.14839457
 -0.14839457  4.3948594   4.6456072  -0.08104931  4.80509957  0.51723306
 -0.14839457  0.51723306  9.56307357 -0.14839457  5.57932699  5.56216291
 -0.14839457 -0.14839457  0.51723306  4.94591389  0.59405153 -0.14839457
 -0.07012955  6.24642169 -0.49039164  0.8066319   4.40084791  0.12935584
 -0.03432413 -0.14839457 -0.14839457 -0.14839457  4.3948594  -0.07012955
 -0.03432413  0.51723306 -0.14839457 -0.08104931 -0.14839457 -0.08104931
  2.04266114  2.09567635  7.4305556   5.50281122  4.75771693 -0.14839457
  8.73772408  4.75771693 -0.03432413  4.91539418 -0.56987057 -0.7725122
  5.05528367  1.47262837  2.09567635 -0.14839457  0.40838334  5.30240908
  5.38843008 -0.49039164  0.12935584  0.77058497 -0.03432413  5.57932699
  0.77058497  7.83797338 -0.14839457  5.19977775  6.76138822 -0.08104931
 -0.14839457  4.3948594  -0.14839457 -1.32311584  8.91571189  5.57932699
 -0.03432413  0.77058497  4.75771693 -0.46183417  5.50281122  7.4305556
  1.64387693  0.51723306 12.06476984 -0.14839457 -0.14839457  0.77058497
  5.901838    0.1790262   4.75771693  0.60162153 -0.03432413 -0.03432413
 -0.14839457  0.46079653 -0.03432413  0.09260714  4.8601229   2.08505712
 -0.14839457 -0.03432413  7.5997459   4.75771693  9.5346669  -0.14839457]
360
[4;33mReloaded modules[24m: pc3_functions_v2[0m
      Y     X
0  4.30  0.86
1  0.02 -0.70
2 -1.06 -0.50
3  0.44 -0.89
4  6.84  1.60

Descriptive Statistics:
--------------------------------------------------------------------------------
   mean   var   std    max   min   na  unique
Y  1.97  8.76  2.96  14.54 -2.51  0.0  1800.0
X  0.01  0.97  0.98   3.17 -3.17  0.0  1800.0
--------------------------------------------------------------------------------

Predictive Regression Tree: Root Node Only
--------------------------------------------------------------------------------
Predicted Y: 1.93
SSE: 3514.19
MSE: 9.76
--------------------------------------------------------------------------------


[4;33mReloaded modules[24m: pc3_functions_v2[0m
      Y     X
0  4.30  0.86
1  0.02 -0.70
2 -1.06 -0.50
3  0.44 -0.89
4  6.84  1.60

Descriptive Statistics:
--------------------------------------------------------------------------------
   mean   var   std    max   min   na  unique
Y  1.97  8.76  2.96  14.54 -2.51  0.0  1800.0
X  0.01  0.97  0.98   3.17 -3.17  0.0  1800.0
--------------------------------------------------------------------------------

Predictive Regression Tree: Root Node Only
--------------------------------------------------------------------------------
Predicted Y: 1.93
SSE: 3514.19
MSE: 9.76
--------------------------------------------------------------------------------


SSE Optimizing Regression Tree
--------------------------------------------------------------------------------
Best splitting value of covariate X: 0.5
Row Index of X: 262
MSE: 16.8485
--------------------------------------------------------------------------------
[4;33mReloaded modules[24m: pc3_functions_v2[0m
      Y     X
0  4.30  0.86
1  0.02 -0.70
2 -1.06 -0.50
3  0.44 -0.89
4  6.84  1.60

Descriptive Statistics:
--------------------------------------------------------------------------------
   mean   var   std    max   min   na  unique
Y  1.97  8.76  2.96  14.54 -2.51  0.0  1800.0
X  0.01  0.97  0.98   3.17 -3.17  0.0  1800.0
--------------------------------------------------------------------------------

Predictive Regression Tree: Root Node Only
--------------------------------------------------------------------------------